23181;9;33;302
23592;9;36;302
23797;8;36;299
24105;10;33;297
24618;7;33;301
26260;9;38;294
27081;8;34;293
27286;9;34;290
28004;5;35;298
28723;9;34;302
29133;8;39;304
29544;4;37;306
29749;11;34;301
29954;8;33;317
30468;4;36;295
30570;9;35;287
30981;5;32;300
31083;11;34;287
31494;8;36;291
32007;9;34;299
33752;7;35;301
33854;11;36;300
34060;7;33;297
34573;6;29;305
34675;8;33;291
34983;6;34;301
35189;13;35;304
35599;9;34;305
36010;10;34;301
36112;8;34;298
36728;9;35;300
36831;5;33;301
36933;9;37;296
37344;9;33;300
37446;9;34;301
37549;7;35;302
38062;10;33;300
38780;9;34;300
39191;10;34;300
39704;7;33;302
40012;8;34;301
40320;11;34;300
40730;9;33;300
41346;10;34;302
41551;7;33;301
41654;8;35;300
41962;10;34;298
42373;10;35;302
42783;10;32;298
42988;6;36;289
43296;8;31;305
43399;11;34;297
43502;8;30;299
43707;10;32;291
43912;6;38;301
44015;7;37;300
44528;7;33;299
44836;6;35;300
44938;9;37;302
45246;9;33;301
45349;9;33;298
45759;7;34;298
46580;12;33;302
47607;8;34;301
47709;10;34;296
47915;8;33;294
48120;9;32;305
48325;10;33;304
48428;7;35;299
48838;7;33;296
49557;8;33;299
50891;9;32;300
51199;10;34;299
51301;10;34;300
51404;10;34;300
52738;8;34;300
53046;7;35;302
53252;5;35;295
53662;8;37;320
53765;5;37;297
53867;9;35;297
54175;8;31;294
54688;6;35;301
54791;9;37;306
54996;6;29;292
55509;12;37;299
55715;11;38;295
55817;7;35;302
56331;9;33;299
56433;9;34;300
56741;7;36;301
57049;8;35;302
57151;10;33;298
57357;8;35;299
57459;8;34;300
57767;8;33;301
57972;11;32;297
58486;8;35;301
59307;8;36;303
59615;10;33;297
60025;9;34;300
60230;10;31;298
60436;11;35;300
61154;10;34;302
61565;8;33;301
61975;8;34;299
62694;9;35;300
62797;7;34;304
63823;10;34;301
64336;10;34;299
64541;8;35;297
64952;9;33;302
65157;7;33;301
65362;9;34;301
65875;8;32;304
66081;9;34;294
66286;7;34;297
66491;9;35;302
66594;9;32;300
66799;11;33;299
67210;8;33;299
68236;10;33;299
68544;10;33;301
68749;9;34;297
68852;9;35;294
69365;9;35;300
70186;9;31;302
70289;7;32;298
70802;5;34;299
72957;11;34;299
73573;7;34;302
73778;6;35;302
74599;10;33;301
74907;10;34;302
75010;6;34;290
75318;11;32;299
75626;8;33;299
75831;8;34;299
75934;9;33;298
76139;9;33;306
76549;8;34;297
76960;10;33;303
77062;6;34;298
77268;6;34;309
77370;10;34;304
77473;10;35;297
77986;8;36;304
78397;10;35;301
78705;6;34;299
79115;12;32;297
79526;9;34;302
80244;9;35;293
80552;10;32;303
80758;6;34;304
81476;7;34;300
82092;7;33;300
82297;9;34;301
82605;7;33;304
82707;10;35;300
82913;8;35;297
83015;9;32;296
83323;11;32;300
83529;8;35;299
83837;11;34;302
84350;8;33;296
84657;8;34;301
84760;11;33;299
84965;11;34;299
85273;8;34;299
86607;9;37;303
86915;7;34;303
87018;9;36;301
87121;7;35;299
87223;10;35;304
87942;8;34;301
88147;7;33;299
88249;10;35;297
88968;10;34;293
89994;8;36;301
90199;9;36;299
90610;8;35;302
90918;10;31;302
91021;11;34;301
91226;10;35;301
91329;9;34;301
91534;9;35;297
91739;10;34;295
91842;6;32;303
92252;8;33;299
92663;8;35;300
93689;9;35;304
93997;7;34;299
94203;8;34;298
94408;8;34;300
94921;9;35;305
95332;5;34;303
95434;7;37;309
95845;9;33;296
96255;9;35;300
97589;9;33;302
97897;9;35;298
98308;9;34;302
99232;8;36;299
99437;9;35;299
99642;9;33;300
99745;7;34;298
100361;7;34;300
100464;9;36;303
101388;11;34;305
101594;10;34;301
101800;8;36;299
101902;7;32;297
102108;8;33;299
102211;8;35;298
102416;9;37;303
102519;8;36;299
103752;8;33;298
104163;9;36;303
104368;8;35;301
104677;9;32;298
104985;9;33;302
105396;9;33;307
106218;8;35;301
106526;9;35;298
106732;8;34;302
107245;8;34;305
107554;8;33;303
107759;8;35;301
108273;8;32;300
109198;8;32;303
110431;8;35;296
110636;7;34;298
111767;11;33;303
112075;10;35;298
112281;9;34;302
112486;9;33;303
112589;8;35;304
114130;10;34;299
114542;8;36;301
114747;10;32;298
115467;8;33;298
115569;9;34;301
115672;7;32;304
116083;6;36;298
116597;8;34;301
117522;9;37;300
117727;7;34;298
118858;9;34;300
119269;8;35;302
119474;10;34;302
119577;7;34;303
120194;6;35;301
120605;12;34;298
120913;9;34;299
121530;11;35;297
121633;8;34;299
122146;7;34;299
123277;9;34;303
123482;8;35;303
123585;9;33;297
123790;10;33;303
123893;7;35;298
123996;8;33;301
124613;7;33;297
124818;10;32;303
124921;10;33;298
125846;10;31;298
126462;10;34;297
126874;10;34;301
126976;8;31;300
127593;8;32;305
128107;9;34;296
128826;11;34;299
129340;9;35;297
129545;7;34;298
129751;10;32;307
129854;12;33;300
129956;9;35;295
130059;8;33;300
130265;7;35;314
130470;7;34;301
130984;8;34;298
132423;9;35;301
132628;9;34;301
132731;8;34;298
133245;11;32;300
133553;5;36;297
133862;12;35;300
134067;9;34;299
134273;7;34;299
134581;10;33;300
134787;6;35;299
134992;8;34;303
135095;8;35;299
135300;8;34;301
135403;8;35;296
135609;9;33;298
135711;9;32;298
135814;10;33;300
135917;9;35;299
136533;6;33;295
136944;8;33;297
137150;9;34;300
137355;13;34;300
138075;7;35;298
138280;9;35;300
138486;12;36;294
139000;10;31;300
139411;10;35;297
140439;8;34;301
140747;10;34;299
140953;9;35;300
142083;8;32;298
143008;8;36;302
143522;10;34;300
143625;9;32;304
143830;7;36;300
144138;9;36;298
144344;8;36;301
144858;10;34;306
145166;7;35;302
145577;9;33;305
145885;9;33;299
146296;9;34;302
146707;9;34;300
147221;7;34;300
147426;7;34;297
147838;10;34;301
148043;11;35;303
148146;6;35;297
148763;9;33;301
149893;9;35;301
150613;9;32;299
150818;11;35;298
150921;8;34;300
151024;9;35;303
151127;9;35;300
151229;10;34;305
151332;8;33;299
151846;6;35;302
152257;9;36;302
152668;10;35;301
153182;10;35;299
153799;8;33;304
154107;9;34;301
154312;7;36;300
154723;8;33;304
156059;9;35;303
156162;8;34;301
156367;12;32;301
156676;8;32;301
156984;10;36;303
157087;8;35;300
157498;10;32;299
157601;10;34;302
157909;11;34;302
158115;11;33;298
158217;8;33;303
159040;7;34;300
159759;10;33;296
159964;9;33;299
160067;10;33;302
160170;10;33;301
160273;11;32;302
160478;9;35;303
160684;8;35;300
160992;10;33;301
161711;10;37;303
161814;9;34;295
161917;9;33;302
162225;8;33;303
162842;8;34;304
164075;6;34;302
165308;9;35;301
165513;8;33;305
165925;8;35;302
166027;10;33;302
166336;11;33;303
166438;6;34;300
166850;10;33;300
167055;10;35;301
168083;7;33;300
168494;10;34;300
168597;8;34;299
169213;10;33;300
169625;8;35;301
170858;8;34;300
171577;8;35;301
171680;9;34;297
171885;7;38;299
172296;8;33;300
173632;8;34;301
173838;8;37;301
174660;7;34;303
174762;10;34;299
175482;10;34;300
176098;9;34;301
176201;7;31;298
176612;6;33;304
176921;7;34;294
177126;5;33;305
177537;8;33;303
178154;8;38;299
178565;11;32;299
178873;8;35;303
179079;7;37;299
180312;8;29;303
180928;9;34;298
181648;7;36;303
181956;10;34;301
182265;8;37;302
182470;10;33;298
182573;11;33;303
182984;10;35;299
183292;7;34;304
183395;8;34;300
183498;8;36;296
183703;9;33;300
184012;9;34;301
184937;7;38;300
185348;8;36;297
185553;7;34;299
186786;8;33;300
188430;7;35;299
188636;9;36;297
189355;8;33;300
189458;7;35;300
189869;10;33;296
190691;8;33;300
191308;10;33;300
191616;10;32;299
191925;7;34;302
192336;9;33;301
192438;8;35;303
192644;8;35;301
192849;8;33;298
194082;7;34;298
194493;8;34;303
194699;8;34;294
194802;10;36;301
195213;8;32;296
196035;8;35;301
196137;7;35;298
196343;8;35;299
196446;10;34;298
197781;7;33;298
197987;7;36;300
198912;8;34;298
199939;9;34;303
200864;6;31;295
201173;9;35;302
201789;8;35;302
201995;8;34;300
202303;8;36;301
202611;10;33;302
202714;8;34;302
202817;8;37;302
203125;8;35;298
203433;8;35;297
204050;10;34;301
204256;9;34;299
204358;8;34;294
204564;10;35;301
205078;8;33;303
205283;8;35;298
205386;10;34;302
205489;8;37;298
205694;7;35;298
205797;9;35;298
206208;7;35;295
206722;5;37;301
206927;10;32;300
207030;8;34;300
207133;9;34;303
208366;5;36;304
209085;7;37;299
209394;5;36;302
209496;8;38;305
209702;9;32;303
209907;9;34;303
210216;8;35;303
210832;9;33;300
211141;7;32;302
212785;9;34;303
213710;10;34;308
214018;7;33;298
214223;7;35;301
216792;7;34;301
216895;9;33;299
217101;8;34;301
217203;9;34;306
217306;9;34;303
217512;9;32;305
217923;8;36;297
218642;9;34;298
219053;9;36;301
220184;9;32;299
220286;10;33;302
220800;9;35;301
221006;10;35;300
221109;9;34;299
221211;10;34;300
221314;9;34;300
221417;9;34;306
221622;6;36;300
221725;9;33;303
221931;7;34;300
222136;9;32;306
222239;8;38;301
223472;9;35;301
223575;8;36;303
223677;10;34;301
223780;8;32;301
223883;10;35;297
223986;10;33;303
224397;10;34;304
224500;10;33;306
224705;10;33;299
225116;9;35;301
225219;7;32;299
225322;10;31;299
225527;9;33;302
225630;7;36;303
226041;10;35;302
226349;10;34;298
226452;9;34;301
226555;9;35;301
226760;7;35;301
226863;8;35;299
227685;9;35;298
227993;8;36;302
228302;10;34;300
228404;8;35;303
228610;12;36;308
228713;7;34;306
229021;8;32;300
229124;11;36;302
229227;7;33;302
229432;7;36;300
229535;8;35;299
229638;11;33;301
229843;8;34;301
230151;8;34;299
230254;8;35;302
230357;10;34;304
230562;9;34;300
230665;7;34;300
230768;8;36;298
231179;8;36;299
231693;9;34;302
232104;8;35;304
232206;10;32;300
232309;10;33;299
232412;8;32;302
233132;10;33;300
233234;7;36;300
233543;9;33;302
233851;8;34;301
234262;9;32;301
235290;10;36;299
235495;8;35;300
237037;9;36;303
237550;9;33;303
238578;7;34;301
238681;10;33;300
238784;8;34;301
238886;6;34;299
238989;11;34;300
240018;8;35;299
240326;9;35;301
240429;10;33;301
240531;8;33;297
241867;7;34;301
241970;9;35;302
242381;8;34;302
242484;9;34;301
242586;9;33;302
242278;9;35;302
242895;10;37;301
243511;8;33;299
244025;8;34;299
244231;8;36;303
245361;7;34;301
245566;9;33;299
246183;10;34;302
246800;8;34;301
246902;9;33;298
247108;9;35;305
247211;7;35;301
248444;8;34;299
248547;10;34;305
248649;10;34;303
249677;8;36;307
250191;8;33;300
251732;8;34;299
243100;10;33;300
243717;8;32;295
244744;9;35;298
244847;7;34;301
244950;7;32;297
245053;10;33;299
245669;8;33;294
246389;8;34;303
247313;8;33;303
247416;9;34;303
247622;8;35;300
247724;6;36;302
247827;9;33;298
248033;7;35;301
248135;10;34;301
248238;7;37;306
249574;9;34;302
249985;7;35;298
250602;8;33;300
251321;11;35;300
251938;8;34;301
252040;8;34;302
252451;9;33;301
252246;9;35;305
252657;11;34;302
252760;9;34;303
253068;7;36;299
253171;8;35;302
253479;7;35;303
253685;11;32;295
254404;10;33;298
254712;6;32;301
256254;8;34;300
256665;8;36;300
256768;8;34;297
256870;9;33;301
258001;9;34;300
258720;8;33;302
259028;9;34;302
259542;7;35;305
260261;8;34;303
260570;10;37;305
260672;9;32;302
260775;9;34;302
261186;8;33;303
261597;7;33;300
261803;8;35;303
262111;8;36;297
254198;6;34;298
254507;10;32;298
255124;8;34;298
255226;8;33;298
255432;8;33;298
255534;11;33;299
255740;10;36;303
255946;9;35;300
256048;9;34;303
256459;10;33;302
256562;8;34;300
257076;8;34;300
257795;9;34;297
258206;9;33;300
258309;10;34;302
258412;8;32;302
259131;10;35;301
259337;7;34;300
260364;11;33;301
261083;9;35;303
261392;8;33;301
262830;9;34;300
263138;10;36;301
264577;7;34;300
264680;8;34;302
264783;9;33;295
264885;8;34;297
265091;7;35;305
265194;8;34;300
265502;10;33;299
265810;9;35;296
266530;8;34;293
266735;9;33;300
267146;7;35;303
268071;10;34;304
268276;8;36;299
268687;9;34;298
268996;7;35;293
269612;10;34;298
269818;7;34;299
269920;8;34;300
270743;8;34;300
270948;9;37;300
271154;8;35;302
271770;9;36;299
272181;7;33;304
263036;6;35;301
263241;8;34;302
263447;7;34;299
263550;10;33;301
263652;5;36;301
263755;7;35;301
263961;10;32;299
264166;9;33;301
264372;9;35;299
264474;7;35;302
265707;11;33;297
265913;8;32;297
266016;11;34;300
266119;5;35;298
267043;9;34;296
267660;9;36;302
268482;10;32;301
269201;8;34;297
270229;8;35;301
270331;8;34;299
270640;7;37;301
271359;12;29;300
271462;8;36;303
271565;9;32;303
272284;9;34;300
272592;7;35;301
273517;7;34;301
273825;9;36;302
274339;8;37;304
274442;9;33;298
274750;8;35;294
274956;10;34;305
275161;8;34;296
276291;8;34;302
276908;9;34;302
277011;7;34;300
277627;9;33;298
278347;9;35;303
278449;8;32;300
280504;8;32;300
281635;6;36;295
282046;8;31;300
272798;8;33;297
273003;7;34;301
273312;9;34;301
275572;7;33;303
275675;10;35;299
276394;9;34;299
277216;8;34;301
277319;8;33;300
277833;9;34;301
277936;9;35;302
278038;8;35;301
278141;8;36;301
278244;8;34;303
279271;8;34;302
279477;9;36;300
279785;10;32;302
280196;9;34;301
280402;8;34;299
280607;9;35;299
280916;11;34;300
282252;10;36;301
282354;6;36;301
282457;9;36;303
282560;7;34;302
283279;9;33;299
283793;8;34;303
285026;10;32;303
285848;11;34;304
286157;10;33;300
286362;9;33;304
286568;5;33;301
286773;8;35;298
287493;10;33;302
287596;9;32;295
287904;11;34;296
288109;8;34;296
288315;8;36;303
289342;8;35;300
289445;9;34;296
290781;9;34;300
291706;9;33;297
291911;9;33;299
282663;9;35;304
282868;8;33;298
282971;8;34;299
283074;7;36;298
284307;9;32;302
284615;7;36;311
284923;9;32;301
285129;8;33;301
285232;9;34;301
285540;5;35;300
287082;9;32;302
288623;9;33;295
289034;8;33;301
289137;7;35;304
289240;5;34;301
289548;8;35;297
289651;8;34;298
289959;7;35;303
290164;8;36;302
292528;9;36;301
292939;8;33;297
293144;9;31;303
293350;4;36;300
293555;0;34;289
293966;19;8;316
294275;9;43;309
294789;10;36;296
295097;10;32;302
295405;9;35;300
295508;9;32;299
295611;89;164;280
295816;34;32;296
295919;24;19;302
296022;6;12;283
296125;-13;89;286
296228;-29;38;275
296742;38;116;303
297051;6;27;297
297153;7;25;302
297976;12;26;298
298078;10;27;301
298490;7;26;302
298592;9;27;306
298901;11;27;300
299004;9;26;301
299209;9;24;299
299312;7;26;301
299414;8;27;303
299826;11;31;302
300751;11;26;299
301367;9;26;300
301573;9;24;298
301881;9;27;303
292733;9;34;300
293453;9;35;305
293864;15;32;302
294172;-9;15;309
294480;9;33;302
294686;6;36;301
294891;9;35;303
296434;33;63;301
296845;21;-60;311
297359;7;28;293
297770;5;28;300
298284;7;30;301
298387;10;24;302
299106;9;27;300
299517;6;28;304
300134;7;26;304
301162;8;26;303
301676;9;27;304
301778;8;26;301
302292;9;25;305
302395;8;28;300
302498;9;27;301
302600;10;26;302
303114;10;27;303
303423;8;22;293
304245;9;28;301
304656;8;26;303
305582;48;50;350
307227;11;31;300
307432;13;28;302
307535;10;29;301
308357;8;28;302
308769;12;28;290
308974;10;29;303
309180;11;29;298
309385;10;29;304
309797;9;30;302
310002;9;28;305
310311;10;28;302
310413;10;30;301
310516;11;26;300
310619;10;29;300
311236;10;29;297
311442;8;31;301
311647;8;26;304
311853;9;31;299
312058;10;32;304
302806;9;28;301
303628;10;24;300
303937;11;24;303
304451;9;28;304
305067;9;28;303
305170;6;23;307
305993;14;5;306
306198;-44;18;282
306712;8;26;302
306815;10;30;304
306918;11;29;300
307741;9;27;306
307843;11;27;303
307946;11;30;302
308152;11;25;303
308255;10;27;305
308460;11;31;303
308563;3;16;293
310825;10;28;299
310928;10;28;299
311133;9;28;300
312264;11;28;298
312778;9;30;301
312984;10;31;305
313189;10;31;301
313292;10;30;299
313498;10;28;300
313601;10;29;300
13703;10;29;298
314320;9;29;303
314526;10;29;299
314834;9;30;302
315142;14;28;299
315245;7;30;298
315656;10;30;302
315862;11;26;303
315965;9;28;299
316068;10;27;302
316273;8;32;315
316479;9;29;299
316684;7;28;299
316993;9;29;303
317095;12;27;302
317404;11;29;299
318226;11;28;300
318329;9;31;303
318843;8;30;300
318946;12;27;303
319049;11;28;301
319151;10;29;301
319460;9;29;302
319666;9;29;302
319871;10;28;301
320385;9;28;303
321105;8;30;300
321413;11;28;299
321516;11;30;305
321619;9;31;305
322030;11;27;305
322133;11;28;305
313395;10;28;299
313806;8;29;304
314217;10;25;299
314423;11;30;301
4628;9;31;303
314937;9;27;300
315348;13;27;302
316376;12;27;296
318637;10;29;299
319563;10;30;301
320180;10;28;299
321310;10;28;302
321722;10;29;301
322236;11;28;306
323058;9;28;306
323367;7;29;304
323469;11;28;303
323675;12;26;301
323778;11;28;300
323881;10;28;303
324909;10;28;305
325114;10;27;301
325526;8;31;304
325834;9;28;302
326142;11;30;303
326348;10;30;302
326451;10;30;299
326759;13;27;301
326965;10;30;300
327068;11;30;300
327376;11;28;299
327582;10;27;301
327890;11;30;299
328199;9;28;300
328301;10;26;300
328404;11;26;302
328507;10;26;301
328713;9;29;299
328918;10;30;301
329021;12;29;301
329227;11;27;304
329535;11;30;298
329741;12;29;300
329844;9;30;297
329946;12;26;300
330049;8;28;301
330152;11;26;301
330358;10;29;301
331797;10;27;304
323572;7;29;302
323984;10;28;304
324189;10;28;301
324292;13;28;302
324395;11;28;307
325217;10;28;301
325320;10;31;303
325423;11;30;301
325628;12;28;301
326040;10;29;301
327170;10;31;301
327273;10;31;299
327479;8;28;301
327993;10;30;302
328096;13;29;303
328610;12;29;302
328815;12;28;301
329638;11;29;300
330255;10;29;300
331077;11;31;304
331180;10;34;304
331283;12;33;298
331386;16;25;323
331488;10;28;303
332105;11;33;307
332208;10;34;302
332311;10;28;301
332516;9;26;304
332619;8;25;301
333030;10;31;301
333236;13;27;298
334983;9;29;298
335086;10;29;305
335292;9;32;304
335703;9;29;300
335908;10;30;302
336114;10;28;300
336422;10;29;300
336731;10;28;302
336937;10;27;302
337039;9;29;301
338170;11;28;298
338273;11;29;302
338479;9;28;299
338581;10;28;302
338684;9;28;304
338890;10;30;300
339404;9;27;303
340329;9;27;302
340432;9;27;300
340843;10;27;303
340946;11;29;300
341048;11;27;303
341254;10;27;302
341460;10;28;295
341665;10;30;300
342077;8;27;299
332722;11;27;302
332825;10;30;303
332928;9;31;299
333133;11;31;300
333647;9;27;302
334161;9;30;301
334572;12;28;305
334675;10;28;302
334778;10;29;298
334881;9;30;299
336011;12;28;300
337245;11;28;300
337656;10;26;304
337759;9;28;298
337862;9;31;300
337965;12;28;302
338067;10;30;302
338376;11;28;303
338787;9;29;299
339095;11;27;301
339301;10;30;301
339507;9;28;304
341768;12;29;302
341974;11;28;300
342385;9;31;301
342179;11;29;300
342796;8;28;301
342899;10;31;301
343002;7;29;302
343310;8;29;305
343413;11;30;306
343516;9;28;302
343618;10;30;301
343721;10;28;302
344030;9;27;299
344543;12;29;301
344646;11;27;299
345058;11;28;301
345263;9;26;300
345366;10;27;301
345674;11;29;299
345983;11;29;300
346394;12;26;298
346497;11;28;304
346703;10;29;306
346806;11;27;302
347217;12;29;301
347320;11;28;303
347422;9;29;303
347525;10;27;300
347731;11;29;299
347834;9;30;301
348245;9;28;299
348450;7;31;291
348553;10;27;304
349067;12;27;300
349376;11;27;302
349478;10;29;301
349581;10;28;304
349684;9;29;302
349787;10;31;299
349890;10;29;303
350404;12;28;300
350609;9;29;300
350815;9;29;298
350918;12;28;302
351123;11;26;305
351329;11;29;302
351432;8;28;301
351946;11;28;301
352048;10;29;298
342693;10;29;301
343927;10;27;299
344132;9;29;303
344235;11;28;302
344338;8;29;302
344749;10;31;302
344852;11;28;299
344955;10;29;301
345160;10;29;300
345572;9;27;302
345777;10;30;300
345880;11;29;301
346086;11;29;301
346189;12;26;303
346908;8;28;301
347011;10;27;299
347628;11;29;303
348039;10;28;298
348348;11;28;300
348862;9;30;301
350095;9;28;300
350198;10;28;304
350301;9;25;304
350506;10;29;302
351226;12;30;301
352151;10;29;301
353590;11;31;302
353693;12;30;298
354207;9;28;300
355132;11;29;300
355338;12;27;305
355646;9;29;302
355852;11;28;302
356057;11;28;300
356880;9;31;300
356982;11;30;300
357188;9;30;303
357393;9;29;301
357496;8;29;300
357804;10;29;299
357907;10;28;301
358113;9;29;303
358421;11;26;301
358729;9;28;303
359243;11;29;299
359757;11;30;302
359860;10;26;298
359963;12;28;304
360066;11;28;300
360169;11;29;303
360272;9;29;303
360580;11;29;302
360889;10;29;298
360991;10;27;302
361094;9;29;304
361197;10;28;300
361403;10;28;301
352871;10;29;302
352974;11;30;300
353179;11;30;303
353282;9;28;299
354002;9;28;300
354104;10;28;301
354310;12;28;300
354515;9;29;301
354927;9;30;300
355029;9;28;301
355440;9;29;301
355749;8;29;301
355954;9;29;301
356263;8;29;297
356365;11;28;304
357085;9;32;302
357291;9;29;302
357702;9;29;302
358318;9;27;304
358627;8;28;300
358832;9;28;300
358935;11;28;301
359449;10;29;302
362328;10;30;299
362431;9;29;299
362636;10;29;302
362945;10;29;296
363047;8;28;302
363253;10;27;301
363664;10;27;302
364589;11;28;299
364692;9;29;302
365206;10;28;303
365515;12;27;301
365617;10;29;302
365720;11;29;301
365926;9;28;303
366440;9;29;299
366543;9;29;300
366748;10;28;300
366954;11;27;300
367057;11;28;298
367159;9;29;300
367262;10;27;301
367468;10;28;300
367776;12;28;303
368085;11;28;303
368701;9;30;300
368804;8;30;299
368907;11;29;300
369626;9;29;303
369729;10;30;300
370346;10;28;301
370449;11;26;301
370757;10;29;301
370860;11;28;302
371580;11;29;301
362739;10;29;301
362842;9;27;298
363561;9;32;301
364075;10;27;300
365103;9;28;301
365412;11;28;302
366029;12;28;300
366131;9;28;300
366851;11;26;301
367571;9;28;302
367982;10;29;302
369010;10;28;305
369112;11;27;302
369832;10;29;301
369935;10;29;303
370038;9;30;302
370140;10;28;300
370243;12;28;298
370654;10;28;297
370963;11;29;304
371169;10;29;299
371271;10;28;301
371888;9;29;300
371991;9;28;301
372094;10;30;299
372197;12;28;300
372916;12;28;303
373225;8;29;301
373327;10;28;301
373533;11;28;299
374459;11;28;303
374561;11;29;302
374870;10;29;296
375487;9;28;302
375898;10;29;300
376926;10;28;299
377132;9;29;303
377234;9;30;299
377337;9;28;298
377748;8;29;299
377851;12;28;301
377954;10;29;301
378262;9;31;304
378365;12;27;299
379393;11;27;302
380729;9;29;301
381141;11;29;306
381243;9;29;302
381346;8;28;302
381552;11;27;302
381963;11;28;299
374150;8;29;300
374664;11;27;302
374973;10;28;300
375384;10;29;300
375589;10;29;301
376618;11;28;300
376720;10;27;299
377029;9;29;301
377440;8;28;298
378571;8;29;306
378879;10;27;300
379701;8;30;299
380318;9;29;300
381038;10;29;302
381449;10;28;300
382066;9;28;305
382168;9;27;303
382271;10;28;302
382374;11;28;301
382682;9;29;303
382991;10;30;303
383402;9;29;300
383916;10;29;299
384122;10;28;301
384327;10;28;302
384430;10;29;299
384533;9;27;299
384636;10;28;301
385150;10;28;301
385767;9;28;300
385869;10;28;306
385972;10;29;302
386178;10;30;298
386692;10;27;300
387309;11;29;299
387411;10;28;304
387720;10;27;300
387823;10;27;301
388028;11;27;301
388543;11;28;302
388645;9;29;302
388851;10;28;299
389468;11;30;299
389571;10;28;299
389674;10;29;299
389776;9;28;300
389879;10;28;300
390290;13;28;300
390393;9;28;300
390804;11;28;300
390907;10;29;302
391113;10;29;299
391421;10;29;302
391524;9;29;304
391833;8;29;305
392038;8;29;302
382785;8;28;301
383299;9;28;301
383607;11;28;302
384019;11;30;301
384841;11;28;301
384944;12;26;299
385355;11;29;303
386075;12;27;301
386281;10;28;299
386384;9;30;300
386898;8;30;300
387206;10;28;303
387617;10;28;300
388131;10;28;301
388337;12;28;300
388440;11;28;301
388748;10;27;305
388954;10;29;302
389057;11;27;302
389982;11;27;303
391216;10;29;302
391935;10;29;302
392244;10;27;301
392449;11;29;301
392552;9;29;300
393066;10;29;301
393272;12;28;301
393375;10;28;299
393580;9;30;300
393889;11;28;301
393991;11;28;300
394094;9;30;301
394608;8;29;303
394917;10;28;302
395225;9;26;301
395328;10;29;305
395842;8;31;297
396048;10;30;301
396150;11;28;303
396356;11;24;303
396562;9;28;299
396664;10;29;303
396767;10;30;302
397384;10;29;302
397590;7;31;298
398412;10;29;300
398618;9;28;300
399132;10;29;304
399234;10;30;301
399440;9;30;298
399748;10;26;302
399954;10;29;302
400160;11;29;297
400365;9;30;301
401085;11;29;302
401188;11;29;304
401393;10;28;303
401805;11;29;300
392655;9;29;299
393169;10;29;302
393786;11;29;299
394300;10;29;302
394403;10;27;300
394814;11;28;302
395431;10;30;298
397075;9;29;303
397692;10;29;301
398515;8;31;301
399337;12;29;300
399646;10;29;302
400468;11;28;302
400571;9;27;304
401291;10;28;300
403141;10;27;300
403244;12;28;301
403552;9;28;301
403655;10;30;301
403758;10;28;303
403861;9;29;302
404272;10;28;301
404991;14;50;328
405608;9;29;303
405814;10;28;304
405917;11;28;303
406019;9;28;302
406122;10;27;302
406225;7;29;303
406328;10;28;303
406431;12;27;301
406636;9;29;300
406842;9;27;299
406944;11;27;303
407356;11;28;300
407459;11;28;305
407561;11;29;300
408281;10;28;301
408692;10;29;302
408795;9;27;303
409206;11;28;300
409309;8;30;302
409412;9;28;299
410132;9;29;298
410234;11;29;301
410851;8;28;303
411776;8;28;301
411879;5;28;303
402627;10;30;300
402833;8;29;302
402936;9;30;301
403964;8;28;302
404375;9;29;305
405711;10;28;300
407047;10;29;301
407150;12;27;303
407664;10;32;304
407767;13;28;299
407973;8;30;299
409926;10;27;304
410029;10;28;303
410645;9;28;304
411159;11;31;308
411262;8;26;289
411981;10;28;304
